p 50 4410 80 11025 40 5
p 2205 4410 70 22050 30 4
s 4410 8820 60 33075 20 3
60 100 0.0 0.5
57 90 0.5 0.75
58 90 0.75 1.0
60 100 1.0 1.5
57 90 1.5 1.75
58 90 1.75 2.0
60 100 2.0 2.5
48 80 2.25 2.5
50 80 2.5 2.75
52 80 2.75 3.0
53 90 3.0 3.25
55 90 3.25 3.5
57 90 3.5 3.75
58 90 3.75 4.0
57 100 4.0 4.5
53 90 4.5 4.75
55 90 4.75 5.0
57 100 5.0 5.5
45 80 5.5 5.75
46 80 5.75 6.0
48 75 6.0 6.25
50 75 6.25 6.5
48 75 6.5 6.75
46 75 6.75 7.0
48 80 7.0 7.25
45 80 7.25 7.5
46 90 7.5 7.75
48 90 7.75 8.0
0